Number of events received in this window,Total number of events received,Throughput in this window (events/second), Entire throughput for the run (events/second), Average latency per event in this window(ms), Entire Average latency per event (ms),Elapsed time in this window(s), Total elapsed time(s)
1000000,1000000,21249.0,21249.0,31.772897,31.772897,31772.897,31772.897
1000000,2000000,20863.0,21059.0,86.085869,58.929383,86085.869,117858.766
1000000,3000000,20251.0,20786.0,102.565693,73.47481966666666,102565.693,220424.459
1000000,4000000,21198.0,20891.0,28.23397,62.16460725,28233.97,248658.429
1000000,5000000,19571.0,20615.0,152.700656,80.271817,152700.656,401359.085
1000000,6000000,19718.0,20462.0,160.755011,93.68568266666666,160755.011,562114.096
1000000,7000000,20608.0,20484.0,28.078565,84.31323728571428,28078.565,590192.661
1000000,8000000,21204.0,20573.0,32.821089,77.87671875,32821.089,623013.75
1000000,9000000,13083.0,19343.0,1597.257245,246.6967772222222,1597257.245,2220270.995
